0. 1.33333333 2.66666667 4.
0. 0.00346146 0.0069358 0.01042318
4. 5.33333333 6.66666667 8.
0.01042319 0.01392376 0.01743767 0.02096509
8. 9.33333333 10.66666667 12.
0.02096509 0.02450616 0.02806107 0.03162996
12. 13.33333333 14.66666667 16.
0.03162996 0.03521303 0.03881043 0.04242236
16. 17.33333333 18.66666667 20.
0.04242237 0.04604901 0.04969055 0.05334718
20. 21.33333333 22.66666667 24.
0.05334718 0.05701911 0.06070653 0.06440966
24. 25.33333333 26.66666667 28.
0.06440966 0.06812871 0.07186391 0.07561547
28. 29.33333333 30.66666667 32.
0.07561548 0.07938364 0.08316866 0.08697075
32. 33.33333333 34.66666667 36.
0.08697076 0.0907902 0.09462724 0.09848216
36. 37.33333333 38.66666667 40.
0.09848216 0.10235523 0.10624673 0.11015695
40. 41.33333333 42.66666667 44.
0.11015695 0.11408621 0.1180348 0.12200306
44. 45.33333333 46.66666667 48.
0.12200307 0.12599133 0.12999993 0.13402923
48. 49.33333333 50.66666667 52.
0.13402924 0.13807961 0.14215144 0.1462451
52. 53.33333333 54.66666667 56.
0.14624511 0.15036103 0.15449964 0.15866137
56. 57.33333333 58.66666667 60.
0.15866138 0.16284669 0.16705607 0.17128999
60. 61.33333333 62.66666667 64.
0.17129 0.17554901 0.17983362 0.1841444
64. 65.33333333 66.66666667 68.
0.18414441 0.18848195 0.19284687 0.19723978
68. 69.33333333 70.66666667 72.
0.19723979 0.20166139 0.20611237 0.21059346
72. 73.33333333 74.66666667 76.
0.21059347 0.21510546 0.21964913 0.22422535
76. 77.33333333 78.66666667 80.
0.22422537 0.22883505 0.23347911 0.23815856
80. 81.33333333 82.66666667 84.
0.23815858 0.2428745 0.24762797 0.25242018
84. 85.33333333 86.66666667 88.
0.25242021 0.25725245 0.26212603 0.26704235
88. 89.33333333 90.66666667 92.
0.26704239 0.27200303 0.27700956 0.28206368
92. 93.33333333 94.66666667 96.
0.28206374 0.28716741 0.29232255 0.29753127
96. 97.33333333 98.66666667 100.
0.29753135 0.30279608 0.30811924 0.31350349
100. 101.33333333 102.66666667 104.
0.3135036 0.31895202 0.32446772 0.33005411
104. 105.33333333 106.66666667 108.
0.33005427 0.33571539 0.34145529 0.34727847
108. 109.33333333 110.66666667 112.
0.3472787 0.3531906 0.35919666 0.365303
112. 113.33333333 114.66666667 116.
0.36530335 0.37151754 0.37784712 0.38430131
116. 117.33333333 118.66666667 120.
0.38430131 0.39088994 0.39762452 0.40451882
120. 121.33333333 122.66666667 124.
0.40451882 0.41158762 0.41884868 0.4263239
124. 125.33333333 126.66666667 128.
0.4263239 0.4340371 0.44201849 0.45030403
128. 129.33333333 130.66666667 132.
0.45030403 0.45893805 0.46797633 0.47748933
132. 133.33333333 134.66666667 136.
0.47748933 0.4875692 0.49834096 0.50997687
136. 137.33333333 138.66666667 140.
0.50997688 0.52273077 0.53699944 0.55346744
140. 141.33333333 142.66666667 144.
0.55346777 0.57352175 0.60102216 2.72314286
144. 145.33333333 146.66666667 148.
2.72314286 2.72329591 2.72344897 2.72360202
148. 149.33333333 150.66666667 152.
2.72360202 2.72375508 2.72390814 2.72406119
152. 153.33333333 154.66666667 156.
2.72406119 2.72421425 2.7243673 2.72452036
156. 157.33333333 158.66666667 160.
2.72452036 2.72467342 2.72482648 2.72497953
160. 161.33333333 162.66666667 164.
2.72497953 2.72513259 2.72528565 2.72543871
164. 165.33333333 166.66666667 168.
2.72543871 2.72559176 2.72574482 2.72589788
168. 169.33333333 170.66666667 172.
2.72589788 2.72605094 2.726204 2.72635705
172. 173.33333333 174.66666667 176.
2.72635705 2.72651011 2.72666317 2.72681623
176. 177.33333333 178.66666667 180.
2.72681623 2.72696929 2.72712235 2.72727541
180. 181.33333333 182.66666667 184.
2.72727541 2.72742847 2.72758153 2.72773459
184. 185.33333333 186.66666667 188.
2.72773459 2.72788765 2.72804071 2.72819377
188. 189.33333333 190.66666667 192.
2.72819377 2.72834683 2.72849989 2.72865295
192. 193.33333333 194.66666667 196.
2.72865295 2.72880602 2.72895908 2.72911214
196. 197.33333333 198.66666667 200.
2.72911214 2.7292652 2.72941826 2.72957132
200. 201.33333333 202.66666667 204.
2.72957132 2.72972439 2.72987745 2.73003051
204. 205.33333333 206.66666667 208.
2.73003051 2.73018357 2.73033664 2.7304897
208. 209.33333333 210.66666667 212.
2.7304897 2.73064276 2.73079582 2.73094889
212. 213.33333333 214.66666667 216.
2.73094889 2.73110195 2.73125501 2.73140808
216. 217.33333333 218.66666667 220.
2.73140808 2.73156114 2.7317142 2.73186727
220. 221.33333333 222.66666667 224.
2.73186727 2.73202033 2.7321734 2.73232646
224. 225.33333333 226.66666667 228.
2.73232646 2.73247952 2.73263259 2.73278565
228. 229.33333333 230.66666667 232.
2.73278565 2.73293872 2.73309178 2.73324485
232. 233.33333333 234.66666667 236.
2.73324485 2.73339791 2.73355098 2.73370404
236. 237.33333333 238.66666667 240.
2.73370404 2.73385711 2.73401017 2.73416324
240. 241.33333333 242.66666667 244.
2.73416324 2.7343163 2.73446937 2.73462243
244. 245.33333333 246.66666667 248.
2.73462243 2.7347755 2.73492857 2.73508163
248. 249.33333333 250.66666667 252.
2.73508163 2.7352347 2.73538776 2.73554083
252. 253.33333333 254.66666667 256.
2.73554083 2.7356939 2.73584696 2.73600003
256. 257.33333333 258.66666667 260.
2.73600003 2.73615309 2.73630616 2.73645923
260. 261.33333333 262.66666667 264.
2.73645923 2.73661229 2.73676536 2.73691843
264. 265.33333333 266.66666667 268.
2.73691843 2.7370715 2.73722456 2.73737763
268. 269.33333333 270.66666667 272.
2.73737763 2.7375307 2.73768376 2.73783683
272. 273.33333333 274.66666667 276.
2.73783683 2.7379899 2.73814297 2.73829603
276. 277.33333333 278.66666667 280.
2.73829603 2.7384491 2.73860217 2.73875524
280. 281.33333333 282.66666667 284.
2.73875524 2.7389083 2.73906137 2.73921444
284. 285.33333333 286.66666667 288.
2.73921444 2.73936751 2.73952057 2.73967364
288. 289.33333333 290.66666667 292.
2.73967364 2.73982671 2.73997978 2.74013285
292. 293.33333333 294.66666667 296.
2.74013285 2.74028591 2.74043898 2.74059205
296. 297.33333333 298.66666667 300.
2.74059205 2.74074512 2.74089819 2.74105125
300. 301.33333333 302.66666667 304.
2.74105125 2.74120432 2.74135739 2.74151046
304. 305.33333333 306.66666667 308.
2.74151046 2.74166353 2.7418166 2.74196967
308. 309.33333333 310.66666667 312.
2.74196967 2.74212273 2.7422758 2.74242887
312. 313.33333333 314.66666667 316.
2.74242887 2.74258194 2.74273501 2.74288808
316. 317.33333333 318.66666667 320.
2.74288808 2.74304115 2.74319421 2.74334728
320. 321.33333333 322.66666667 324.
2.74334728 2.74350035 2.74365342 2.74380649
324. 325.33333333 326.66666667 328.
2.74380649 2.74395956 2.74411263 2.74426569
328. 329.33333333 330.66666667 332.
2.74426569 2.74441876 2.74457183 2.7447249
332. 333.33333333 334.66666667 336.
2.7447249 2.74487797 2.74503104 2.74518411
336. 337.33333333 338.66666667 340.
2.74518411 2.74533718 2.74549024 2.74564331
340. 341.33333333 342.66666667 344.
2.74564331 2.74579638 2.74594945 2.74610252
344. 345.33333333 346.66666667 348.
2.74610252 2.74625559 2.74640866 2.74656172
348. 349.33333333 350.66666667 352.
2.74656172 2.74671479 2.74686786 2.74702093
352. 353.33333333 354.66666667 356.
2.74702093 2.747174 2.74732707 2.74748014
356. 357.33333333 358.66666667 360.
2.74748014 2.7476332 2.74778627 2.74793934
360. 361.33333333 362.66666667 364.
2.74793934 2.74809241 2.74824548 2.74839855
364. 365.33333333 366.66666667 368.
2.74839855 2.74855162 2.74870468 2.74885775
368. 369.33333333 370.66666667 372.
2.74885775 2.74901082 2.74916389 2.74931696
372. 373.33333333 374.66666667 376.
2.74931696 2.74947002 2.74962309 2.74977616
376. 377.33333333 378.66666667 380.
2.74977616 2.74992923 2.7500823 2.75023536
380. 381.33333333 382.66666667 384.
2.75023536 2.75038843 2.7505415 2.75069457
384. 385.33333333 386.66666667 388.
2.75069457 2.75084764 2.7510007 2.75115377
388. 389.33333333 390.66666667 392.
2.75115377 2.75130684 2.75145991 2.75161297
392. 393.33333333 394.66666667 396.
2.75161297 2.75176604 2.75191911 2.75207218
396. 397.33333333 398.66666667 400.
2.75207218 2.75222524 2.75237831 2.75253138
400. 401.33333333 402.66666667 404.
2.75253138 2.75268445 2.75283751 2.75299058
404. 405.33333333 406.66666667 408.
2.75299058 2.75314365 2.75329671 2.75344978
408. 409.33333333 410.66666667 412.
2.75344978 2.75360285 2.75375591 2.75390898
412. 413.33333333 414.66666667 416.
2.75390898 2.75406205 2.75421511 2.75436818
416. 417.33333333 418.66666667 420.
2.75436818 2.75452124 2.75467431 2.75482738
420. 421.33333333 422.66666667 424.
2.75482738 2.75498044 2.75513351 2.75528657
424. 425.33333333 426.66666667 428.
2.75528657 2.75543964 2.75559271 2.75574577
428. 429.33333333 430.66666667 432.
2.75574577 2.75589884 2.7560519 2.75620497
432. 433.33333333 434.66666667 436.
2.75620497 2.75635803 2.7565111 2.75666416
436. 437.33333333 438.66666667 440.
2.75666416 2.75681723 2.75697029 2.75712336
440. 441.33333333 442.66666667 444.
2.75712336 2.75727642 2.75742948 2.75758255
444. 445.33333333 446.66666667 448.
2.75758255 2.75773561 2.75788868 2.75804174
448. 449.33333333 450.66666667 452.
2.75804174 2.7581948 2.75834787 2.75850093
452. 453.33333333 454.66666667 456.
2.75850093 2.758654 2.75880706 2.75896012
456. 457.33333333 458.66666667 460.
2.75896012 2.75911319 2.75926625 2.75941931
460. 461.33333333 462.66666667 464.
2.75941931 2.75957237 2.75972544 2.7598785
464. 465.33333333 466.66666667 468.
2.7598785 2.76003156 2.76018462 2.76033769
468. 469.33333333 470.66666667 472.
2.76033769 2.76049075 2.76064381 2.76079687
472. 473.33333333 474.66666667 476.
2.76079687 2.76094993 2.761103 2.76125606
476. 477.33333333 478.66666667 480.
2.76125606 2.76140912 2.76156218 2.76171524
480. 481.33333333 482.66666667 484.
2.76171524 2.7618683 2.76202136 2.76217442
484. 485.33333333 486.66666667 488.
2.76217442 2.76232748 2.76248054 2.7626336
488. 489.33333333 490.66666667 492.
2.7626336 2.76278666 2.76293972 2.76309278
492. 493.33333333 494.66666667 496.
2.76309278 2.76324584 2.7633989 2.76355196
496. 497.33333333 498.66666667 500.
2.76355196 2.76370502 2.76385808 2.76401114
500. 501.33333333 502.66666667 504.
2.76401114 2.76416419 2.76431725 2.76447031
504. 505.33333333 506.66666667 508.
2.76447031 2.76462337 2.76477643 2.76492948
508. 509.33333333 510.66666667 512.
2.76492948 2.76508254 2.7652356 2.76538866
512. 513.33333333 514.66666667 516.
2.76538866 2.76554171 2.76569477 2.76584783
516. 517.33333333 518.66666667 520.
2.76584783 2.76600088 2.76615394 2.76630699
520. 521.33333333 522.66666667 524.
2.76630699 2.76646005 2.76661311 2.76676616
524. 525.33333333 526.66666667 528.
2.76676616 2.76691922 2.76707227 2.76722533
528. 529.33333333 530.66666667 532.
2.76722533 2.76737838 2.76753144 2.76768449
532. 533.33333333 534.66666667 536.
2.76768449 2.76783755 2.7679906 2.76814365
536. 537.33333333 538.66666667 540.
2.76814365 2.76829671 2.76844976 2.76860281
540. 541.33333333 542.66666667 544.
2.76860281 2.76875587 2.76890892 2.76906197
544. 545.33333333 546.66666667 548.
2.76906197 2.76921502 2.76936808 2.76952113
548. 549.33333333 550.66666667 552.
2.76952113 2.76967418 2.76982723 2.76998028
552. 553.33333333 554.66666667 556.
2.76998028 2.77013333 2.77028639 2.77043944
556. 557.33333333 558.66666667 560.
2.77043944 2.77059249 2.77074554 2.77089859
560. 561.33333333 562.66666667 564.
2.77089859 2.77105164 2.77120469 2.77135774
564. 565.33333333 566.66666667 568.
2.77135774 2.77151078 2.77166383 2.77181688
568. 569.33333333 570.66666667 572.
2.77181688 2.77196993 2.77212298 2.77227603
572. 573.33333333 574.66666667 576.
2.77227603 2.77242908 2.77258212 2.77273517
576. 577.33333333 578.66666667 580.
2.77273517 2.77288822 2.77304126 2.77319431
580. 581.33333333 582.66666667 584.
2.77319431 2.77334736 2.7735004 2.77365345
584. 585.33333333 586.66666667 588.
2.77365345 2.77380649 2.77395954 2.77411259
588. 589.33333333 590.66666667 592.
2.77411259 2.77426563 2.77441868 2.77457172
592. 593.33333333 594.66666667 596.
2.77457172 2.77472476 2.77487781 2.77503085
596. 597.33333333 598.66666667 600.
2.77503085 2.7751839 2.77533694 2.77548998
600. 601.33333333 602.66666667 604.
2.77548998 2.77564302 2.77579607 2.77594911
604. 605.33333333 606.66666667 608.
2.77594911 2.77610215 2.77625519 2.77640823
608. 609.33333333 610.66666667 612.
2.77640823 2.77656127 2.77671432 2.77686736
612. 613.33333333 614.66666667 616.
2.77686736 2.7770204 2.77717344 2.77732648
616. 617.33333333 618.66666667 620.
2.77732648 2.77747952 2.77763255 2.77778559
620. 621.33333333 622.66666667 624.
2.77778559 2.77793863 2.77809167 2.77824471
624. 625.33333333 626.66666667 628.
2.77824471 2.77839775 2.77855078 2.77870382
628. 629.33333333 630.66666667 632.
2.77870382 2.77885686 2.7790099 2.77916293
632. 633.33333333 634.66666667 636.
2.77916293 2.77931597 2.779469 2.77962204
636. 637.33333333 638.66666667 640.
2.77962204 2.77977507 2.77992811 2.78008114
640. 641.33333333 642.66666667 644.
2.78008114 2.78023418 2.78038721 2.78054025
644. 645.33333333 646.66666667 648.
2.78054025 2.78069328 2.78084631 2.78099935
648. 649.33333333 650.66666667 652.
2.78099935 2.78115238 2.78130541 2.78145844
652. 653.33333333 654.66666667 656.
2.78145844 2.78161147 2.78176451 2.78191754
656. 657.33333333 658.66666667 660.
2.78191754 2.78207057 2.7822236 2.78237663
660. 661.33333333 662.66666667 664.
2.78237663 2.78252966 2.78268269 2.78283572
664. 665.33333333 666.66666667 668.
2.78283572 2.78298875 2.78314177 2.7832948
668. 669.33333333 670.66666667 672.
2.7832948 2.78344783 2.78360086 2.78375389
672. 673.33333333 674.66666667 676.
2.78375389 2.78390691 2.78405994 2.78421297
676. 677.33333333 678.66666667 680.
2.78421297 2.78436599 2.78451902 2.78467204
680. 681.33333333 682.66666667 684.
2.78467204 2.78482507 2.78497809 2.78513112
684. 685.33333333 686.66666667 688.
2.78513112 2.78528414 2.78543716 2.78559019
688. 689.33333333 690.66666667 692.
2.78559019 2.78574321 2.78589623 2.78604925
692. 693.33333333 694.66666667 696.
2.78604925 2.78620228 2.7863553 2.78650832
696. 697.33333333 698.66666667 700.
2.78650832 2.78666134 2.78681436 2.78696738
700. 701.33333333 702.66666667 704.
2.78696738 2.7871204 2.78727342 2.78742644
704. 705.33333333 706.66666667 708.
2.78742644 2.78757946 2.78773248 2.78788549
708. 709.33333333 710.66666667 712.
2.78788549 2.78803851 2.78819153 2.78834455
712. 713.33333333 714.66666667 716.
2.78834455 2.78849756 2.78865058 2.7888036
716. 717.33333333 718.66666667 720.
2.7888036 2.78895661 2.78910963 2.78926264
720. 721.33333333 722.66666667 724.
2.78926264 2.78941566 2.78956867 2.78972168
724. 725.33333333 726.66666667 728.
2.78972168 2.7898747 2.79002771 2.79018072
728. 729.33333333 730.66666667 732.
2.79018072 2.79033373 2.79048675 2.79063976
732. 733.33333333 734.66666667 736.
2.79063976 2.79079277 2.79094578 2.79109879
736. 737.33333333 738.66666667 740.
2.79109879 2.7912518 2.79140481 2.79155782
740. 741.33333333 742.66666667 744.
2.79155782 2.79171083 2.79186384 2.79201684
744. 745.33333333 746.66666667 748.
2.79201684 2.79216985 2.79232286 2.79247587
748. 749.33333333 750.66666667 752.
2.79247587 2.79262887 2.79278188 2.79293488
752. 753.33333333 754.66666667 756.
2.79293488 2.79308789 2.79324089 2.7933939
756. 757.33333333 758.66666667 760.
2.7933939 2.7935469 2.79369991 2.79385291
760. 761.33333333 762.66666667 764.
2.79385291 2.79400591 2.79415891 2.79431192
764. 765.33333333 766.66666667 768.
2.79431192 2.79446492 2.79461792 2.79477092
768. 769.33333333 770.66666667 772.
2.79477092 2.79492392 2.79507692 2.79522992
772. 773.33333333 774.66666667 776.
2.79522992 2.79538292 2.79553592 2.79568892
776. 777.33333333 778.66666667 780.
2.79568892 2.79584191 2.79599491 2.79614791
780. 781.33333333 782.66666667 784.
2.79614791 2.7963009 2.7964539 2.7966069
784. 785.33333333 786.66666667 788.
2.7966069 2.79675989 2.79691289 2.79706588
788. 789.33333333 790.66666667 792.
2.79706588 2.79721888 2.79737187 2.79752486
792. 793.33333333 794.66666667 796.
2.79752486 2.79767785 2.79783085 2.79798384
796. 797.33333333 798.66666667 800.
2.79798384 2.79813683 2.79828982 2.79844281
800. 801.33333333 802.66666667 804.
2.79844281 2.7985958 2.79874879 2.79890178
804. 805.33333333 806.66666667 808.
2.79890178 2.79905477 2.79920776 2.79936075
808. 809.33333333 810.66666667 812.
2.79936075 2.79951373 2.79966672 2.79981971
812. 813.33333333 814.66666667 816.
2.79981971 2.79997269 2.80012568 2.80027866
816. 817.33333333 818.66666667 820.
2.80027866 2.80043165 2.80058463 2.80073762
820. 821.33333333 822.66666667 824.
2.80073762 2.8008906 2.80104358 2.80119656
824. 825.33333333 826.66666667 828.
2.80119657 2.80134955 2.80150253 2.80165551
828. 829.33333333 830.66666667 832.
2.80165551 2.80180849 2.80196147 2.80211445
832. 833.33333333 834.66666667 836.
2.80211445 2.80226743 2.80242041 2.80257339
836. 837.33333333 838.66666667 840.
2.80257339 2.80272636 2.80287934 2.80303232
840. 841.33333333 842.66666667 844.
2.80303232 2.80318529 2.80333827 2.80349125
844. 845.33333333 846.66666667 848.
2.80349125 2.80364422 2.80379719 2.80395017
848. 849.33333333 850.66666667 852.
2.80395017 2.80410314 2.80425611 2.80440909
852. 853.33333333 854.66666667 856.
2.80440909 2.80456206 2.80471503 2.804868
856. 857.33333333 858.66666667 860.
2.804868 2.80502097 2.80517394 2.80532691
860. 861.33333333 862.66666667 864.
2.80532691 2.80547988 2.80563285 2.80578582
864. 865.33333333 866.66666667 868.
2.80578582 2.80593878 2.80609175 2.80624472
868. 869.33333333 870.66666667 872.
2.80624472 2.80639768 2.80655065 2.80670361
872. 873.33333333 874.66666667 876.
2.80670361 2.80685658 2.80700954 2.80716251
876. 877.33333333 878.66666667 880.
2.80716251 2.80731547 2.80746843 2.80762139
880. 881.33333333 882.66666667 884.
2.80762139 2.80777436 2.80792732 2.80808028
884. 885.33333333 886.66666667 888.
2.80808028 2.80823324 2.8083862 2.80853916
888. 889.33333333 890.66666667 892.
2.80853916 2.80869211 2.80884507 2.80899803
892. 893.33333333 894.66666667 896.
2.80899803 2.80915099 2.80930394 2.8094569
896. 897.33333333 898.66666667 900.
2.8094569 2.80960985 2.80976281 2.80991576
900. 901.33333333 902.66666667 904.
2.80991576 2.81006871 2.81022167 2.81037462
904. 905.33333333 906.66666667 908.
2.81037462 2.81052757 2.81068052 2.81083348
908. 909.33333333 910.66666667 912.
2.81083348 2.81098643 2.81113938 2.81129232
912. 913.33333333 914.66666667 916.
2.81129232 2.81144527 2.81159822 2.81175117
916. 917.33333333 918.66666667 920.
2.81175117 2.81190412 2.81205706 2.81221001
920. 921.33333333 922.66666667 924.
2.81221001 2.81236295 2.8125159 2.81266884
924. 925.33333333 926.66666667 928.
2.81266884 2.81282179 2.81297473 2.81312767
928. 929.33333333 930.66666667 932.
2.81312767 2.81328062 2.81343356 2.8135865
932. 933.33333333 934.66666667 936.
2.8135865 2.81373944 2.81389238 2.81404532
936. 937.33333333 938.66666667 940.
2.81404532 2.81419826 2.8143512 2.81450413
940. 941.33333333 942.66666667 944.
2.81450413 2.81465707 2.81481001 2.81496294
944. 945.33333333 946.66666667 948.
2.81496294 2.81511588 2.81526881 2.81542175
948. 949.33333333 950.66666667 952.
2.81542175 2.81557468 2.81572762 2.81588055
952. 953.33333333 954.66666667 956.
2.81588055 2.81603348 2.81618641 2.81633934
956. 957.33333333 958.66666667 960.
2.81633934 2.81649227 2.8166452 2.81679813
960. 961.33333333 962.66666667 964.
2.81679813 2.81695106 2.81710399 2.81725692
964. 965.33333333 966.66666667 968.
2.81725692 2.81740984 2.81756277 2.81771569
968. 969.33333333 970.66666667 972.
2.81771569 2.81786862 2.81802154 2.81817447
972. 973.33333333 974.66666667 976.
2.81817447 2.81832739 2.81848031 2.81863323
976. 977.33333333 978.66666667 980.
2.81863324 2.81878616 2.81893908 2.819092
980. 981.33333333 982.66666667 984.
2.819092 2.81924492 2.81939784 2.81955075
984. 985.33333333 986.66666667 988.
2.81955076 2.81970367 2.81985659 2.82000951
988. 989.33333333 990.66666667 992.
2.82000951 2.82016242 2.82031534 2.82046825
992. 993.33333333 994.66666667 996.
2.82046825 2.82062117 2.82077408 2.82092699
996. 997.33333333 998.66666667 1000.
2.82092699 2.82107991 2.82123282 2.82138573
1000. 1001.33333333 1002.66666667 1004.
2.82138573 2.82153864 2.82169155 2.82184446
1004. 1005.33333333 1006.66666667 1008.
2.82184446 2.82199737 2.82215028 2.82230318
1008. 1009.33333333 1010.66666667 1012.
2.82230318 2.82245609 2.822609 2.8227619
1012. 1013.33333333 1014.66666667 1016.
2.8227619 2.82291481 2.82306771 2.82322061
1016. 1017.33333333 1018.66666667 1020.
2.82322061 2.82337352 2.82352642 2.82367932
1020. 1021.33333333 1022.66666667 1024.
2.82367932 2.82383222 2.82398512 2.82413802
1024. 1025.33333333 1026.66666667 1028.
2.82413802 2.82429092 2.82444382 2.82459672
1028. 1029.33333333 1030.66666667 1032.
2.82459672 2.82474962 2.82490251 2.82505541
1032. 1033.33333333 1034.66666667 1036.
2.82505541 2.8252083 2.8253612 2.82551409
1036. 1037.33333333 1038.66666667 1040.
2.82551409 2.82566699 2.82581988 2.82597277
1040. 1041.33333333 1042.66666667 1044.
2.82597277 2.82612566 2.82627855 2.82643144
1044. 1045.33333333 1046.66666667 1048.
2.82643144 2.82658433 2.82673722 2.82689011
1048. 1049.33333333 1050.66666667 1052.
2.82689011 2.827043 2.82719588 2.82734877
1052. 1053.33333333 1054.66666667 1056.
2.82734877 2.82750166 2.82765454 2.82780742
1056. 1057.33333333 1058.66666667 1060.
2.82780743 2.82796031 2.82811319 2.82826607
1060. 1061.33333333 1062.66666667 1064.
2.82826607 2.82841895 2.82857184 2.82872472
1064. 1065.33333333 1066.66666667 1068.
2.82872472 2.8288776 2.82903047 2.82918335
1068. 1069.33333333 1070.66666667 1072.
2.82918335 2.82933623 2.82948911 2.82964198
1072. 1073.33333333 1074.66666667 1076.
2.82964198 2.82979486 2.82994773 2.83010061
1076. 1077.33333333 1078.66666667 1080.
2.83010061 2.83025348 2.83040635 2.83055923
1080. 1081.33333333 1082.66666667 1084.
2.83055923 2.8307121 2.83086497 2.83101784
1084. 1085.33333333 1086.66666667 1088.
2.83101784 2.83117071 2.83132358 2.83147644
1088. 1089.33333333 1090.66666667 1092.
2.83147644 2.83162931 2.83178218 2.83193504
1092. 1093.33333333 1094.66666667 1096.
2.83193504 2.83208791 2.83224077 2.83239364
1096. 1097.33333333 1098.66666667 1100.
2.83239364 2.8325465 2.83269936 2.83285222
1100. 1101.33333333 1102.66666667 1104.
2.83285222 2.83300508 2.83315795 2.8333108
1104. 1105.33333333 1106.66666667 1108.
2.8333108 2.83346366 2.83361652 2.83376938
1108. 1109.33333333 1110.66666667 1112.
2.83376938 2.83392224 2.83407509 2.83422795
1112. 1113.33333333 1114.66666667 1116.
2.83422795 2.8343808 2.83453366 2.83468651
1116. 1117.33333333 1118.66666667 1120.
2.83468651 2.83483936 2.83499221 2.83514506
1120. 1121.33333333 1122.66666667 1124.
2.83514506 2.83529791 2.83545076 2.83560361
1124. 1125.33333333 1126.66666667 1128.
2.83560361 2.83575646 2.83590931 2.83606215
1128. 1129.33333333 1130.66666667 1132.
2.83606215 2.836215 2.83636785 2.83652069
1132. 1133.33333333 1134.66666667 1136.
2.83652069 2.83667353 2.83682638 2.83697922
1136. 1137.33333333 1138.66666667 1140.
2.83697922 2.83713206 2.8372849 2.83743774
1140. 1141.33333333 1142.66666667 1144.
2.83743774 2.83759058 2.83774342 2.83789626
1144. 1145.33333333 1146.66666667 1148.
2.83789626 2.83804909 2.83820193 2.83835477
1148. 1149.33333333 1150.66666667 1152.
2.83835477 2.8385076 2.83866044 2.83881327
1152. 1153.33333333 1154.66666667 1156.
2.83881327 2.8389661 2.83911893 2.83927176
1156. 1157.33333333 1158.66666667 1160.
2.83927177 2.8394246 2.83957743 2.83973025
1160. 1161.33333333 1162.66666667 1164.
2.83973025 2.83988308 2.84003591 2.84018874
1164. 1165.33333333 1166.66666667 1168.
2.84018874 2.84034156 2.84049439 2.84064721
1168. 1169.33333333 1170.66666667 1172.
2.84064721 2.84080004 2.84095286 2.84110568
1172. 1173.33333333 1174.66666667 1176.
2.84110568 2.8412585 2.84141132 2.84156414
1176. 1177.33333333 1178.66666667 1180.
2.84156414 2.84171696 2.84186978 2.8420226
1180. 1181.33333333 1182.66666667 1184.
2.8420226 2.84217541 2.84232823 2.84248104
1184. 1185.33333333 1186.66666667 1188.
2.84248105 2.84263386 2.84278667 2.84293949
1188. 1189.33333333 1190.66666667 1192.
2.84293949 2.8430923 2.84324511 2.84339792
1192. 1193.33333333 1194.66666667 1196.
2.84339792 2.84355073 2.84370354 2.84385635
1196. 1197.33333333 1198.66666667 1200.
2.84385635 2.84400915 2.84416196 2.84431477
1200. 1201.33333333 1202.66666667 1204.
2.84431477 2.84446757 2.84462038 2.84477318
1204. 1205.33333333 1206.66666667 1208.
2.84477318 2.84492598 2.84507878 2.84523159
1208. 1209.33333333 1210.66666667 1212.
2.84523159 2.84538439 2.84553719 2.84568998
1212. 1213.33333333 1214.66666667 1216.
2.84568998 2.84584278 2.84599558 2.84614838
1216. 1217.33333333 1218.66666667 1220.
2.84614838 2.84630117 2.84645397 2.84660676
1220. 1221.33333333 1222.66666667 1224.
2.84660676 2.84675955 2.84691235 2.84706514
1224. 1225.33333333 1226.66666667 1228.
2.84706514 2.84721793 2.84737072 2.84752351
1228. 1229.33333333 1230.66666667 1232.
2.84752351 2.84767629 2.84782908 2.84798187
1232. 1233.33333333 1234.66666667 1236.
2.84798187 2.84813465 2.84828744 2.84844022
1236. 1237.33333333 1238.66666667 1240.
2.84844022 2.84859301 2.84874579 2.84889857
1240. 1241.33333333 1242.66666667 1244.
2.84889857 2.84905135 2.84920413 2.84935691
1244. 1245.33333333 1246.66666667 1248.
2.84935691 2.84950969 2.84966247 2.84981524
1248. 1249.33333333 1250.66666667 1252.
2.84981525 2.84996802 2.8501208 2.85027357
1252. 1253.33333333 1254.66666667 1256.
2.85027357 2.85042634 2.85057912 2.85073189
1256. 1257.33333333 1258.66666667 1260.
2.85073189 2.85088466 2.85103743 2.8511902
1260. 1261.33333333 1262.66666667 1264.
2.8511902 2.85134297 2.85149574 2.8516485
1264. 1265.33333333 1266.66666667 1268.
2.8516485 2.85180127 2.85195403 2.8521068
1268. 1269.33333333 1270.66666667 1272.
2.8521068 2.85225956 2.85241232 2.85256509
1272. 1273.33333333 1274.66666667 1276.
2.85256509 2.85271785 2.85287061 2.85302337
1276. 1277.33333333 1278.66666667 1280.
2.85302337 2.85317612 2.85332888 2.85348164
1280. 1281.33333333 1282.66666667 1284.
2.85348164 2.8536344 2.85378715 2.8539399
1284. 1285.33333333 1286.66666667 1288.
2.8539399 2.85409266 2.85424541 2.85439816
1288. 1289.33333333 1290.66666667 1292.
2.85439816 2.85455091 2.85470366 2.85485641
1292. 1293.33333333 1294.66666667 1296.
2.85485641 2.85500916 2.85516191 2.85531465
1296. 1297.33333333 1298.66666667 1300.
2.85531465 2.8554674 2.85562014 2.85577289
1300. 1301.33333333 1302.66666667 1304.
2.85577289 2.85592563 2.85607837 2.85623111
1304. 1305.33333333 1306.66666667 1308.
2.85623111 2.85638385 2.85653659 2.85668933
1308. 1309.33333333 1310.66666667 1312.
2.85668933 2.85684207 2.85699481 2.85714754
1312. 1313.33333333 1314.66666667 1316.
2.85714754 2.85730028 2.85745301 2.85760575
1316. 1317.33333333 1318.66666667 1320.
2.85760575 2.85775848 2.85791121 2.85806394
1320. 1321.33333333 1322.66666667 1324.
2.85806394 2.85821667 2.8583694 2.85852213
1324. 1325.33333333 1326.66666667 1328.
2.85852213 2.85867485 2.85882758 2.85898031
1328. 1329.33333333 1330.66666667 1332.
2.85898031 2.85913303 2.85928575 2.85943848
1332. 1333.33333333 1334.66666667 1336.
2.85943848 2.8595912 2.85974392 2.85989664
1336. 1337.33333333 1338.66666667 1340.
2.85989664 2.86004936 2.86020208 2.86035479
1340. 1341.33333333 1342.66666667 1344.
2.8603548 2.86050751 2.86066023 2.86081294
1344. 1345.33333333 1346.66666667 1348.
2.86081294 2.86096566 2.86111837 2.86127108
1348. 1349.33333333 1350.66666667 1352.
2.86127108 2.86142379 2.8615765 2.86172921
1352. 1353.33333333 1354.66666667 1356.
2.86172921 2.86188192 2.86203463 2.86218733
1356. 1357.33333333 1358.66666667 1360.
2.86218733 2.86234004 2.86249274 2.86264545
1360. 1361.33333333 1362.66666667 1364.
2.86264545 2.86279815 2.86295085 2.86310355
1364. 1365.33333333 1366.66666667 1368.
2.86310355 2.86325625 2.86340895 2.86356165
1368. 1369.33333333 1370.66666667 1372.
2.86356165 2.86371435 2.86386704 2.86401974
1372. 1373.33333333 1374.66666667 1376.
2.86401974 2.86417243 2.86432513 2.86447782
1376. 1377.33333333 1378.66666667 1380.
2.86447782 2.86463051 2.8647832 2.86493589
1380. 1381.33333333 1382.66666667 1384.
2.86493589 2.86508858 2.86524127 2.86539396
1384. 1385.33333333 1386.66666667 1388.
2.86539396 2.86554664 2.86569933 2.86585201
1388. 1389.33333333 1390.66666667 1392.
2.86585201 2.86600469 2.86615738 2.86631006
1392. 1393.33333333 1394.66666667 1396.
2.86631006 2.86646274 2.86661542 2.8667681
1396. 1397.33333333 1398.66666667 1400.
2.8667681 2.86692078 2.86707345 2.86722613
1400. 1401.33333333 1402.66666667 1404.
2.86722613 2.8673788 2.86753148 2.86768415
1404. 1405.33333333 1406.66666667 1408.
2.86768415 2.86783682 2.86798949 2.86814216
1408. 1409.33333333 1410.66666667 1412.
2.86814216 2.86829483 2.8684475 2.86860017
1412. 1413.33333333 1414.66666667 1416.
2.86860017 2.86875283 2.8689055 2.86905816
1416. 1417.33333333 1418.66666667 1420.
2.86905816 2.86921083 2.86936349 2.86951615
1420. 1421.33333333 1422.66666667 1424.
2.86951615 2.86966881 2.86982147 2.86997413
1424. 1425.33333333 1426.66666667 1428.
2.86997413 2.87012679 2.87027944 2.8704321
1428. 1429.33333333 1430.66666667 1432.
2.8704321 2.87058475 2.87073741 2.87089006
1432. 1433.33333333 1434.66666667 1436.
2.87089006 2.87104271 2.87119536 2.87134801
1436. 1437.33333333 1438.66666667 1440.
2.87134801 2.87150066 2.87165331 2.87180596
1440. 1441.33333333 1442.66666667 1444.
2.87180596 2.8719586 2.87211125 2.87226389
1444. 1445.33333333 1446.66666667 1448.
2.87226389 2.87241653 2.87256918 2.87272182
1448. 1449.33333333 1450.66666667 1452.
2.87272182 2.87287446 2.8730271 2.87317973
1452. 1453.33333333 1454.66666667 1456.
2.87317973 2.87333237 2.87348501 2.87363764
1456. 1457.33333333 1458.66666667 1460.
2.87363764 2.87379028 2.87394291 2.87409554
1460. 1461.33333333 1462.66666667 1464.
2.87409554 2.87424817 2.8744008 2.87455343
1464. 1465.33333333 1466.66666667 1468.
2.87455343 2.87470606 2.87485869 2.87501131
1468. 1469.33333333 1470.66666667 1472.
2.87501131 2.87516394 2.87531656 2.87546919
1472. 1473.33333333 1474.66666667 1476.
2.87546919 2.87562181 2.87577443 2.87592705
1476. 1477.33333333 1478.66666667 1480.
2.87592705 2.87607967 2.87623229 2.8763849
1480. 1481.33333333 1482.66666667 1484.
2.8763849 2.87653752 2.87669013 2.87684275
1484. 1485.33333333 1486.66666667 1488.
2.87684275 2.87699536 2.87714797 2.87730058
1488. 1489.33333333 1490.66666667 1492.
2.87730058 2.87745319 2.8776058 2.87775841
1492. 1493.33333333 1494.66666667 1496.
2.87775841 2.87791102 2.87806362 2.87821623
1496. 1497.33333333 1498.66666667 1500.
2.87821623 2.87836883 2.87852144 2.87867404
1500. 1501.33333333 1502.66666667 1504.
2.87867404 2.87882664 2.87897924 2.87913184
1504. 1505.33333333 1506.66666667 1508.
2.87913184 2.87928443 2.87943703 2.87958963
1508. 1509.33333333 1510.66666667 1512.
2.87958963 2.87974222 2.87989481 2.88004741
1512. 1513.33333333 1514.66666667 1516.
2.88004741 2.8802 2.88035259 2.88050518
1516. 1517.33333333 1518.66666667 1520.
2.88050518 2.88065777 2.88081035 2.88096294
1520. 1521.33333333 1522.66666667 1524.
2.88096294 2.88111553 2.88126811 2.88142069
1524. 1525.33333333 1526.66666667 1528.
2.88142069 2.88157328 2.88172586 2.88187844
1528. 1529.33333333 1530.66666667 1532.
2.88187844 2.88203102 2.88218359 2.88233617
1532. 1533.33333333 1534.66666667 1536.
2.88233617 2.88248875 2.88264132 2.88279389
1536. 1537.33333333 1538.66666667 1540.
2.8827939 2.88294647 2.88309904 2.88325161
1540. 1541.33333333 1542.66666667 1544.
2.88325161 2.88340418 2.88355675 2.88370931
1544. 1545.33333333 1546.66666667 1548.
2.88370932 2.88386188 2.88401445 2.88416701
1548. 1549.33333333 1550.66666667 1552.
2.88416701 2.88431957 2.88447214 2.8846247
1552. 1553.33333333 1554.66666667 1556.
2.8846247 2.88477726 2.88492982 2.88508237
1556. 1557.33333333 1558.66666667 1560.
2.88508237 2.88523493 2.88538749 2.88554004
1560. 1561.33333333 1562.66666667 1564.
2.88554004 2.88569259 2.88584515 2.8859977
1564. 1565.33333333 1566.66666667 1568.
2.8859977 2.88615025 2.8863028 2.88645535
1568. 1569.33333333 1570.66666667 1572.
2.88645535 2.88660789 2.88676044 2.88691298
1572. 1573.33333333 1574.66666667 1576.
2.88691298 2.88706553 2.88721807 2.88737061
1576. 1577.33333333 1578.66666667 1580.
2.88737061 2.88752315 2.88767569 2.88782823
1580. 1581.33333333 1582.66666667 1584.
2.88782823 2.88798077 2.8881333 2.88828584
1584. 1585.33333333 1586.66666667 1588.
2.88828584 2.88843837 2.88859091 2.88874344
1588. 1589.33333333 1590.66666667 1592.
2.88874344 2.88889597 2.8890485 2.88920103
1592. 1593.33333333 1594.66666667 1596.
2.88920103 2.88935356 2.88950608 2.88965861
1596. 1597.33333333 1598.66666667 1600.
2.88965861 2.88981113 2.88996365 2.89011618

